Bin   #(%) accepted   #(%) rejected    # F2    # F3    # F4    # F5    # F6    # F7    # F8
  1       8( 88.9)        1( 11.1)       0       1       0       0       0       0       0
  2       6( 85.7)        1( 14.3)       0       1       1       0       0       0       0
  3       9(100.0)        0(  0.0)       0       0       0       0       0       0       0
  4       7(100.0)        0(  0.0)       0       0       0       0       0       0       0
  5       9(100.0)        0(  0.0)       0       0       0       0       0       0       0
  6       7(100.0)        0(  0.0)       0       0       0       0       0       0       0
  7       9(100.0)        0(  0.0)       0       0       0       0       0       0       0
  8       7(100.0)        0(  0.0)       0       0       0       0       0       0       0
  9       9(100.0)        0(  0.0)       0       0       0       0       0       0       0
 10       7(100.0)        0(  0.0)       0       0       0       0       0       0       0
 11       8( 88.9)        1( 11.1)       0       1       1       0       0       0       0
 12       7(100.0)        0(  0.0)       0       0       0       0       0       0       0
 13       9(100.0)        0(  0.0)       0       0       0       0       0       0       0
 14       7(100.0)        0(  0.0)       0       0       0       0       0       0       0
 15       9(100.0)        0(  0.0)       0       0       0       0       0       0       0
 16       6( 85.7)        1( 14.3)       0       1       1       0       0       0       0
 17       9(100.0)        0(  0.0)       0       0       0       0       0       0       0
 18       7(100.0)        0(  0.0)       0       0       0       0       0       0       0
 19       9(100.0)        0(  0.0)       0       0       0       0       0       0       0
 20       7(100.0)        0(  0.0)       0       0       0       0       0       0       0
 21       9(100.0)        0(  0.0)       0       0       0       0       0       0       0
 22       7(100.0)        0(  0.0)       0       0       0       0       0       0       0
 23       9(100.0)        0(  0.0)       0       0       0       0       0       0       0
 24       7(100.0)        0(  0.0)       0       0       0       0       0       0       0
____________________________________________________________________________________________________
Total   188( 97.9)        4(  2.1)       0       4       3       0       0       0       0

