Bin   #(%) accepted   #(%) rejected    # F2    # F3    # F4    # F5    # F6    # F7    # F8
  1       5( 45.5)        6( 54.5)       0       0       6       0       0       0       0
  2       1( 20.0)        4( 80.0)       0       1       4       0       0       0       0
  3       9( 81.8)        2( 18.2)       0       2       2       0       0       0       0
  4       4( 80.0)        1( 20.0)       0       1       1       0       0       0       0
  5       6( 54.5)        5( 45.5)       0       4       5       0       0       0       0
  6       2( 40.0)        3( 60.0)       0       2       3       0       0       0       0
  7       8( 72.7)        3( 27.3)       0       0       3       0       0       0       0
  8       5(100.0)        0(  0.0)       0       0       0       0       0       0       0
  9       9( 81.8)        2( 18.2)       0       2       2       0       0       0       0
 10       5(100.0)        0(  0.0)       0       0       0       0       0       0       0
 11       8( 72.7)        3( 27.3)       0       2       3       0       0       0       0
 12       3( 60.0)        2( 40.0)       0       0       2       0       0       0       0
 13       4( 30.8)        9( 69.2)       0       2       9       0       0       0       0
 14       0(  0.0)        3(100.0)       0       0       3       0       0       0       0
 15      13(100.0)        0(  0.0)       0       0       0       0       0       0       0
 16       2( 66.7)        1( 33.3)       0       1       1       0       0       0       0
 17       9( 69.2)        4( 30.8)       0       3       4       0       0       0       0
 18       1( 33.3)        2( 66.7)       0       2       2       0       0       0       0
 19      12( 92.3)        1(  7.7)       0       1       1       0       0       0       0
 20       2( 66.7)        1( 33.3)       0       0       1       0       0       0       0
 21      12( 92.3)        1(  7.7)       0       1       1       0       0       0       0
 22       1( 33.3)        2( 66.7)       0       2       2       0       0       0       0
 23       8( 61.5)        5( 38.5)       0       5       5       0       0       0       0
 24       2( 66.7)        1( 33.3)       0       1       1       0       0       0       0
____________________________________________________________________________________________________
Total   131( 68.2)       61( 31.8)       0      32      61       0       0       0       0

