Bin   #(%) accepted   #(%) rejected    # F2    # F3    # F4    # F5    # F6    # F7    # F8
  1      12(100.0)        0(  0.0)       0       0       0       0       0       0       0
  2       4(100.0)        0(  0.0)       0       0       0       0       0       0       0
  3      11( 91.7)        1(  8.3)       0       0       1       0       0       0       0
  4       4(100.0)        0(  0.0)       0       0       0       0       0       0       0
  5      11( 91.7)        1(  8.3)       0       0       1       0       0       0       0
  6       4(100.0)        0(  0.0)       0       0       0       0       0       0       0
  7      12(100.0)        0(  0.0)       0       0       0       0       0       0       0
  8       4(100.0)        0(  0.0)       0       0       0       0       0       0       0
  9      12(100.0)        0(  0.0)       0       0       0       0       0       0       0
 10       4(100.0)        0(  0.0)       0       0       0       0       0       0       0
 11      12(100.0)        0(  0.0)       0       0       0       0       0       0       0
 12       4(100.0)        0(  0.0)       0       0       0       0       0       0       0
 13      14(100.0)        0(  0.0)       0       0       0       0       0       0       0
 14       2(100.0)        0(  0.0)       0       0       0       0       0       0       0
 15      13( 92.9)        1(  7.1)       0       0       1       0       0       0       0
 16       2(100.0)        0(  0.0)       0       0       0       0       0       0       0
 17      13( 92.9)        1(  7.1)       0       0       1       0       0       0       0
 18       2(100.0)        0(  0.0)       0       0       0       0       0       0       0
 19      14(100.0)        0(  0.0)       0       0       0       0       0       0       0
 20       2(100.0)        0(  0.0)       0       0       0       0       0       0       0
 21      14(100.0)        0(  0.0)       0       0       0       0       0       0       0
 22       2(100.0)        0(  0.0)       0       0       0       0       0       0       0
 23      14(100.0)        0(  0.0)       0       0       0       0       0       0       0
 24       1( 50.0)        1( 50.0)       0       0       1       0       0       0       0
____________________________________________________________________________________________________
Total   187( 97.4)        5(  2.6)       0       0       5       0       0       0       0

