Bin   #(%) accepted   #(%) rejected    # F2    # F3    # F4    # F5    # F6    # F7    # F8
  1       9(100.0)        0(  0.0)       0       0       0       0       0       0       0
  2       7(100.0)        0(  0.0)       0       0       0       0       0       0       0
  3       9(100.0)        0(  0.0)       0       0       0       0       0       0       0
  4       7(100.0)        0(  0.0)       0       0       0       0       0       0       0
  5       9(100.0)        0(  0.0)       0       0       0       0       0       0       0
  6       7(100.0)        0(  0.0)       0       0       0       0       0       0       0
  7       9(100.0)        0(  0.0)       0       0       0       0       0       0       0
  8       7(100.0)        0(  0.0)       0       0       0       0       0       0       0
  9       9(100.0)        0(  0.0)       0       0       0       0       0       0       0
 10       7(100.0)        0(  0.0)       0       0       0       0       0       0       0
 11       9(100.0)        0(  0.0)       0       0       0       0       0       0       0
 12       7(100.0)        0(  0.0)       0       0       0       0       0       0       0
 13       7( 70.0)        3( 30.0)       0       1       3       0       0       0       0
 14       5( 83.3)        1( 16.7)       0       0       1       0       0       0       0
 15      10(100.0)        0(  0.0)       0       0       0       0       0       0       0
 16       6(100.0)        0(  0.0)       0       0       0       0       0       0       0
 17       9( 90.0)        1( 10.0)       0       1       1       0       0       0       0
 18       6(100.0)        0(  0.0)       0       0       0       0       0       0       0
 19      10(100.0)        0(  0.0)       0       0       0       0       0       0       0
 20       6(100.0)        0(  0.0)       0       0       0       0       0       0       0
 21      10(100.0)        0(  0.0)       0       0       0       0       0       0       0
 22       6(100.0)        0(  0.0)       0       0       0       0       0       0       0
 23      10(100.0)        0(  0.0)       0       0       0       0       0       0       0
 24       6(100.0)        0(  0.0)       0       0       0       0       0       0       0
____________________________________________________________________________________________________
Total   187( 97.4)        5(  2.6)       0       2       5       0       0       0       0

