Bin   #(%) accepted   #(%) rejected    # F2    # F3    # F4    # F5    # F6    # F7    # F8
  1       5( 38.5)        8( 61.5)       0       6       8       0       0       0       0
  2       2( 66.7)        1( 33.3)       0       1       1       0       0       0       0
  3      11( 84.6)        2( 15.4)       0       2       1       0       0       0       0
  4       2( 66.7)        1( 33.3)       0       1       1       0       0       0       0
  5      11( 84.6)        2( 15.4)       0       2       1       0       0       0       0
  6       3(100.0)        0(  0.0)       0       0       0       0       0       0       0
  7      12( 92.3)        1(  7.7)       0       1       1       0       0       0       0
  8       3(100.0)        0(  0.0)       0       0       0       0       0       0       0
  9      11( 84.6)        2( 15.4)       0       2       2       0       0       0       0
 10       3(100.0)        0(  0.0)       0       0       0       0       0       0       0
 11      12( 92.3)        1(  7.7)       0       1       1       0       0       0       0
 12       2( 66.7)        1( 33.3)       0       1       1       0       0       0       0
 13       4( 36.4)        7( 63.6)       0       4       7       0       0       0       0
 14       3( 60.0)        2( 40.0)       0       1       2       0       0       0       0
 15       9( 81.8)        2( 18.2)       0       2       1       0       0       0       0
 16       3( 60.0)        2( 40.0)       0       1       2       0       0       0       0
 17      10( 90.9)        1(  9.1)       0       0       1       0       0       0       0
 18       5(100.0)        0(  0.0)       0       0       0       0       0       0       0
 19      11(100.0)        0(  0.0)       0       0       0       0       0       0       0
 20       5(100.0)        0(  0.0)       0       0       0       0       0       0       0
 21      11(100.0)        0(  0.0)       0       0       0       0       0       0       0
 22       5(100.0)        0(  0.0)       0       0       0       0       0       0       0
 23      11(100.0)        0(  0.0)       0       0       0       0       0       0       0
 24       5(100.0)        0(  0.0)       0       0       0       0       0       0       0
____________________________________________________________________________________________________
Total   159( 82.8)       33( 17.2)       0      25      30       0       0       0       0

