Bin   #(%) accepted   #(%) rejected    # F2    # F3    # F4    # F5    # F6    # F7    # F8
  1       2( 22.2)        7( 77.8)       0       3       7       0       0       0       0
  2       3( 42.9)        4( 57.1)       0       2       4       0       0       0       0
  3       8( 88.9)        1( 11.1)       0       1       1       0       0       0       0
  4       6( 85.7)        1( 14.3)       0       0       1       0       0       0       0
  5       8( 88.9)        1( 11.1)       0       1       1       0       0       0       0
  6       4( 57.1)        3( 42.9)       0       2       3       0       0       0       0
  7       9(100.0)        0(  0.0)       0       0       0       0       0       0       0
  8       7(100.0)        0(  0.0)       0       0       0       0       0       0       0
  9       9(100.0)        0(  0.0)       0       0       0       0       0       0       0
 10       7(100.0)        0(  0.0)       0       0       0       0       0       0       0
 11       8( 88.9)        1( 11.1)       0       1       1       0       0       0       0
 12       7(100.0)        0(  0.0)       0       0       0       0       0       0       0
 13       4( 40.0)        6( 60.0)       0       3       6       0       0       0       0
 14       1( 16.7)        5( 83.3)       0       3       5       0       0       0       0
 15       8( 80.0)        2( 20.0)       0       0       2       0       0       0       0
 16       6(100.0)        0(  0.0)       0       0       0       0       0       0       0
 17      10(100.0)        0(  0.0)       0       0       0       0       0       0       0
 18       4( 66.7)        2( 33.3)       0       2       2       0       0       0       0
 19      10(100.0)        0(  0.0)       0       0       0       0       0       0       0
 20       6(100.0)        0(  0.0)       0       0       0       0       0       0       0
 21       9( 90.0)        1( 10.0)       0       0       1       0       0       0       0
 22       5( 83.3)        1( 16.7)       0       0       1       0       0       0       0
 23       8( 80.0)        2( 20.0)       0       2       1       0       0       0       0
 24       6(100.0)        0(  0.0)       0       0       0       0       0       0       0
____________________________________________________________________________________________________
Total   155( 80.7)       37( 19.3)       0      20      36       0       0       0       0

