Bin   #(%) accepted   #(%) rejected    # F2    # F3    # F4    # F5    # F6    # F7    # F8
  1       0(  0.0)        8(100.0)       0       2       7       0       0       0       0
  2       2( 25.0)        6( 75.0)       0       2       6       0       0       0       0
  3       7( 87.5)        1( 12.5)       0       1       1       0       0       0       0
  4       7( 87.5)        1( 12.5)       0       1       1       0       0       0       0
  5       8(100.0)        0(  0.0)       0       0       0       0       0       0       0
  6       7( 87.5)        1( 12.5)       0       0       1       0       0       0       0
  7       8(100.0)        0(  0.0)       0       0       0       0       0       0       0
  8       8(100.0)        0(  0.0)       0       0       0       0       0       0       0
  9       8(100.0)        0(  0.0)       0       0       0       0       0       0       0
 10       8(100.0)        0(  0.0)       0       0       0       0       0       0       0
 11       8(100.0)        0(  0.0)       0       0       0       0       0       0       0
 12       8(100.0)        0(  0.0)       0       0       0       0       0       0       0
 13       8( 72.7)        3( 27.3)       0       0       3       0       0       0       0
 14       3( 60.0)        2( 40.0)       0       1       2       0       0       0       0
 15      11(100.0)        0(  0.0)       0       0       0       0       0       0       0
 16       5(100.0)        0(  0.0)       0       0       0       0       0       0       0
 17      10( 90.9)        1(  9.1)       0       0       1       0       0       0       0
 18       5(100.0)        0(  0.0)       0       0       0       0       0       0       0
 19      11(100.0)        0(  0.0)       0       0       0       0       0       0       0
 20       5(100.0)        0(  0.0)       0       0       0       0       0       0       0
 21       9( 81.8)        2( 18.2)       0       0       2       0       0       0       0
 22       5(100.0)        0(  0.0)       0       0       0       0       0       0       0
 23      11(100.0)        0(  0.0)       0       0       0       0       0       0       0
 24       5(100.0)        0(  0.0)       0       0       0       0       0       0       0
____________________________________________________________________________________________________
Total   167( 87.0)       25( 13.0)       0       7      24       0       0       0       0

