Bin   #(%) accepted   #(%) rejected    # F2    # F3    # F4    # F5    # F6    # F7    # F8
  1       5(100.0)        0(  0.0)       0       0       0       0       0       0       0
  2       6( 54.5)        5( 45.5)       0       4       5       0       0       0       0
  3       4( 80.0)        1( 20.0)       0       0       1       0       0       0       0
  4      10( 90.9)        1(  9.1)       0       1       1       0       0       0       0
  5       5(100.0)        0(  0.0)       0       0       0       0       0       0       0
  6      11(100.0)        0(  0.0)       0       0       0       0       0       0       0
  7       4( 80.0)        1( 20.0)       0       0       1       0       0       0       0
  8      10( 90.9)        1(  9.1)       0       1       1       0       0       0       0
  9       2( 40.0)        3( 60.0)       0       2       3       0       0       0       0
 10       7( 63.6)        4( 36.4)       0       4       4       0       0       0       0
 11       3( 60.0)        2( 40.0)       0       2       2       0       0       0       0
 12      11(100.0)        0(  0.0)       0       0       0       0       0       0       0
 13       4( 44.4)        5( 55.6)       0       2       5       0       0       0       0
 14       1( 14.3)        6( 85.7)       0       3       6       0       0       0       0
 15       8( 88.9)        1( 11.1)       0       1       1       0       0       0       0
 16       6( 85.7)        1( 14.3)       0       0       1       0       0       0       0
 17       6( 66.7)        3( 33.3)       0       3       3       0       0       0       0
 18       5( 71.4)        2( 28.6)       0       2       2       0       0       0       0
 19       6( 66.7)        3( 33.3)       0       0       3       0       0       0       0
 20       7(100.0)        0(  0.0)       0       0       0       0       0       0       0
 21       5( 55.6)        4( 44.4)       0       3       4       0       0       0       0
 22       7(100.0)        0(  0.0)       0       0       0       0       0       0       0
 23       5( 55.6)        4( 44.4)       0       2       4       0       0       0       0
 24       7(100.0)        0(  0.0)       0       0       0       0       0       0       0
____________________________________________________________________________________________________
Total   145( 75.5)       47( 24.5)       0      30      47       0       0       0       0

