Bin   #(%) accepted   #(%) rejected    # F2    # F3    # F4    # F5    # F6    # F7    # F8
  1       4( 44.4)        5( 55.6)       0       1       5       0       0       0       0
  2       2( 33.3)        4( 66.7)       0       2       4       0       0       0       0
  3       2( 22.2)        7( 77.8)       0       7       7       0       0       0       0
  4       2( 33.3)        4( 66.7)       0       4       4       0       0       0       0
  5       0(  0.0)        9(100.0)       0       9       9       0       0       0       0
  6       0(  0.0)        6(100.0)       0       6       6       0       0       0       0
  7       5( 55.6)        4( 44.4)       0       4       4       0       0       0       0
  8       3( 50.0)        3( 50.0)       0       2       3       0       0       0       0
  9       5( 55.6)        4( 44.4)       0       3       4       0       0       0       0
 10       3( 50.0)        3( 50.0)       0       2       3       0       0       0       0
 11       2( 22.2)        7( 77.8)       0       6       7       0       0       0       0
 12       0(  0.0)        6(100.0)       0       6       6       0       0       0       0
 13       4( 33.3)        8( 66.7)       0       3       8       0       0       0       0
 14       2( 50.0)        2( 50.0)       0       1       2       0       0       0       0
 15       0(  0.0)       12(100.0)       0      11      12       0       0       0       0
 16       0(  0.0)        4(100.0)       0       3       4       0       0       0       0
 17       2( 16.7)       10( 83.3)       0      10      10       0       0       0       0
 18       0(  0.0)        4(100.0)       0       4       4       0       0       0       0
 19       7( 58.3)        5( 41.7)       0       4       5       0       0       0       0
 20       0(  0.0)        4(100.0)       0       4       4       0       0       0       0
 21       1(  8.3)       11( 91.7)       0       9      11       0       0       0       0
 22       2( 50.0)        2( 50.0)       0       2       2       0       0       0       0
 23       3( 25.0)        9( 75.0)       0       9       9       0       0       0       0
 24       2( 50.0)        2( 50.0)       0       2       2       0       0       0       0
____________________________________________________________________________________________________
Total    51( 27.4)      135( 72.6)       0     114     135       0       0       0       0

