Bin   #(%) accepted   #(%) rejected    # F2    # F3    # F4    # F5    # F6    # F7    # F8
  1      10(100.0)        0(  0.0)       0       0       0       0       0       0       0
  2       4( 80.0)        1( 20.0)       0       1       0       0       0       0       0
  3      10(100.0)        0(  0.0)       0       0       0       0       0       0       0
  4       5(100.0)        0(  0.0)       0       0       0       0       0       0       0
  5      10(100.0)        0(  0.0)       0       0       0       0       0       0       0
  6       4( 80.0)        1( 20.0)       0       1       0       0       0       0       0
  7       8( 80.0)        2( 20.0)       0       2       1       0       0       0       0
  8       4( 80.0)        1( 20.0)       0       1       0       0       0       0       0
  9      10(100.0)        0(  0.0)       0       0       0       0       0       0       0
 10       5(100.0)        0(  0.0)       0       0       0       0       0       0       0
 11       9( 90.0)        1( 10.0)       0       0       1       0       0       0       0
 12       4( 80.0)        1( 20.0)       0       1       1       0       0       0       0
 13       8( 66.7)        4( 33.3)       0       3       2       0       0       0       0
 14       2( 50.0)        2( 50.0)       0       2       1       0       0       0       0
 15      11( 91.7)        1(  8.3)       0       1       1       0       0       0       0
 16       4(100.0)        0(  0.0)       0       0       0       0       0       0       0
 17      12(100.0)        0(  0.0)       0       0       0       0       0       0       0
 18       4(100.0)        0(  0.0)       0       0       0       0       0       0       0
 19      10( 83.3)        2( 16.7)       0       2       0       0       0       0       0
 20       4(100.0)        0(  0.0)       0       0       0       0       0       0       0
 21      11( 91.7)        1(  8.3)       0       1       0       0       0       0       0
 22       4(100.0)        0(  0.0)       0       0       0       0       0       0       0
 23      11( 91.7)        1(  8.3)       0       1       1       0       0       0       0
 24       4(100.0)        0(  0.0)       0       0       0       0       0       0       0
____________________________________________________________________________________________________
Total   168( 90.3)       18(  9.7)       0      16       8       0       0       0       0

