Bin   #(%) accepted   #(%) rejected    # F2    # F3    # F4    # F5    # F6    # F7    # F8
  1       4( 66.7)        2( 33.3)       0       0       2       0       0       0       0
  2       7( 70.0)        3( 30.0)       0       2       3       0       0       0       0
  3       6(100.0)        0(  0.0)       0       0       0       0       0       0       0
  4      10(100.0)        0(  0.0)       0       0       0       0       0       0       0
  5       6(100.0)        0(  0.0)       0       0       0       0       0       0       0
  6      10(100.0)        0(  0.0)       0       0       0       0       0       0       0
  7       6(100.0)        0(  0.0)       0       0       0       0       0       0       0
  8      10(100.0)        0(  0.0)       0       0       0       0       0       0       0
  9       6(100.0)        0(  0.0)       0       0       0       0       0       0       0
 10      10(100.0)        0(  0.0)       0       0       0       0       0       0       0
 11       6(100.0)        0(  0.0)       0       0       0       0       0       0       0
 12      10(100.0)        0(  0.0)       0       0       0       0       0       0       0
 13       6( 75.0)        2( 25.0)       0       1       1       0       0       0       0
 14       5( 62.5)        3( 37.5)       0       0       3       0       0       0       0
 15       8(100.0)        0(  0.0)       0       0       0       0       0       0       0
 16       7( 87.5)        1( 12.5)       0       0       1       0       0       0       0
 17       8(100.0)        0(  0.0)       0       0       0       0       0       0       0
 18       6( 75.0)        2( 25.0)       0       0       2       0       0       0       0
 19       8(100.0)        0(  0.0)       0       0       0       0       0       0       0
 20       8(100.0)        0(  0.0)       0       0       0       0       0       0       0
 21       8(100.0)        0(  0.0)       0       0       0       0       0       0       0
 22       8(100.0)        0(  0.0)       0       0       0       0       0       0       0
 23       8(100.0)        0(  0.0)       0       0       0       0       0       0       0
 24       8(100.0)        0(  0.0)       0       0       0       0       0       0       0
____________________________________________________________________________________________________
Total   179( 93.2)       13(  6.8)       0       3      12       0       0       0       0

