Bin   #(%) accepted   #(%) rejected    # F2    # F3    # F4    # F5    # F6    # F7    # F8
  1       5(100.0)        0(  0.0)       0       0       0       0       0       0       0
  2      10( 90.9)        1(  9.1)       0       0       1       0       0       0       0
  3       5(100.0)        0(  0.0)       0       0       0       0       0       0       0
  4      10( 90.9)        1(  9.1)       0       1       1       0       0       0       0
  5       5(100.0)        0(  0.0)       0       0       0       0       0       0       0
  6      11(100.0)        0(  0.0)       0       0       0       0       0       0       0
  7       5(100.0)        0(  0.0)       0       0       0       0       0       0       0
  8      11(100.0)        0(  0.0)       0       0       0       0       0       0       0
  9       5(100.0)        0(  0.0)       0       0       0       0       0       0       0
 10      11(100.0)        0(  0.0)       0       0       0       0       0       0       0
 11       5(100.0)        0(  0.0)       0       0       0       0       0       0       0
 12      11(100.0)        0(  0.0)       0       0       0       0       0       0       0
 13       9(100.0)        0(  0.0)       0       0       0       0       0       0       0
 14       6( 85.7)        1( 14.3)       0       0       1       0       0       0       0
 15       9(100.0)        0(  0.0)       0       0       0       0       0       0       0
 16       6( 85.7)        1( 14.3)       0       0       1       0       0       0       0
 17       9(100.0)        0(  0.0)       0       0       0       0       0       0       0
 18       7(100.0)        0(  0.0)       0       0       0       0       0       0       0
 19       8( 88.9)        1( 11.1)       0       1       1       0       0       0       0
 20       7(100.0)        0(  0.0)       0       0       0       0       0       0       0
 21       9(100.0)        0(  0.0)       0       0       0       0       0       0       0
 22       7(100.0)        0(  0.0)       0       0       0       0       0       0       0
 23       9(100.0)        0(  0.0)       0       0       0       0       0       0       0
 24       7(100.0)        0(  0.0)       0       0       0       0       0       0       0
____________________________________________________________________________________________________
Total   187( 97.4)        5(  2.6)       0       2       5       0       0       0       0

