Bin   #(%) accepted   #(%) rejected    # F2    # F3    # F4    # F5    # F6    # F7    # F8
  1       9( 90.0)        1( 10.0)       0       1       0       0       0       0       0
  2       6(100.0)        0(  0.0)       0       0       0       0       0       0       0
  3       9( 90.0)        1( 10.0)       0       1       0       0       0       0       0
  4       6(100.0)        0(  0.0)       0       0       0       0       0       0       0
  5       9( 90.0)        1( 10.0)       0       1       1       0       0       0       0
  6       6(100.0)        0(  0.0)       0       0       0       0       0       0       0
  7      10(100.0)        0(  0.0)       0       0       0       0       0       0       0
  8       6(100.0)        0(  0.0)       0       0       0       0       0       0       0
  9      10(100.0)        0(  0.0)       0       0       0       0       0       0       0
 10       6(100.0)        0(  0.0)       0       0       0       0       0       0       0
 11      10(100.0)        0(  0.0)       0       0       0       0       0       0       0
 12       6(100.0)        0(  0.0)       0       0       0       0       0       0       0
 13       6( 85.7)        1( 14.3)       0       0       1       0       0       0       0
 14       9(100.0)        0(  0.0)       0       0       0       0       0       0       0
 15       7(100.0)        0(  0.0)       0       0       0       0       0       0       0
 16       9(100.0)        0(  0.0)       0       0       0       0       0       0       0
 17       7(100.0)        0(  0.0)       0       0       0       0       0       0       0
 18       8( 88.9)        1( 11.1)       0       0       1       0       0       0       0
 19       7(100.0)        0(  0.0)       0       0       0       0       0       0       0
 20       8( 88.9)        1( 11.1)       0       1       0       0       0       0       0
 21       7(100.0)        0(  0.0)       0       0       0       0       0       0       0
 22       9(100.0)        0(  0.0)       0       0       0       0       0       0       0
 23       7(100.0)        0(  0.0)       0       0       0       0       0       0       0
 24       8( 88.9)        1( 11.1)       0       1       0       0       0       0       0
____________________________________________________________________________________________________
Total   185( 96.4)        7(  3.6)       0       5       3       0       0       0       0

