Bin   #(%) accepted   #(%) rejected    # F2    # F3    # F4    # F5    # F6    # F7    # F8
  1       3( 37.5)        5( 62.5)       0       2       5       0       0       0       0
  2       2( 28.6)        5( 71.4)       0       1       5       0       0       0       0
  3       7( 87.5)        1( 12.5)       0       1       1       0       0       0       0
  4       7(100.0)        0(  0.0)       0       0       0       0       0       0       0
  5       6( 75.0)        2( 25.0)       0       1       2       0       0       0       0
  6       3( 42.9)        4( 57.1)       0       4       4       0       0       0       0
  7       8(100.0)        0(  0.0)       0       0       0       0       0       0       0
  8       7(100.0)        0(  0.0)       0       0       0       0       0       0       0
  9       8(100.0)        0(  0.0)       0       0       0       0       0       0       0
 10       7(100.0)        0(  0.0)       0       0       0       0       0       0       0
 11       7( 87.5)        1( 12.5)       0       1       1       0       0       0       0
 12       7(100.0)        0(  0.0)       0       0       0       0       0       0       0
 13       8( 72.7)        3( 27.3)       0       1       3       0       0       0       0
 14       3( 60.0)        2( 40.0)       0       1       2       0       0       0       0
 15      10( 90.9)        1(  9.1)       0       1       1       0       0       0       0
 16       4( 80.0)        1( 20.0)       0       1       1       0       0       0       0
 17      10( 90.9)        1(  9.1)       0       1       1       0       0       0       0
 18       5(100.0)        0(  0.0)       0       0       0       0       0       0       0
 19      11(100.0)        0(  0.0)       0       0       0       0       0       0       0
 20       5(100.0)        0(  0.0)       0       0       0       0       0       0       0
 21      11(100.0)        0(  0.0)       0       0       0       0       0       0       0
 22       5(100.0)        0(  0.0)       0       0       0       0       0       0       0
 23      10( 90.9)        1(  9.1)       0       1       1       0       0       0       0
 24       5(100.0)        0(  0.0)       0       0       0       0       0       0       0
____________________________________________________________________________________________________
Total   159( 85.5)       27( 14.5)       0      16      27       0       0       0       0

