Bin   #(%) accepted   #(%) rejected    # F2    # F3    # F4    # F5    # F6    # F7    # F8
  1       5( 83.3)        1( 16.7)       0       0       1       0       0       0       0
  2       8( 80.0)        2( 20.0)       0       0       2       0       0       0       0
  3       5( 83.3)        1( 16.7)       0       0       1       0       0       0       0
  4       8( 80.0)        2( 20.0)       0       0       2       0       0       0       0
  5       4( 66.7)        2( 33.3)       0       0       2       0       0       0       0
  6       6( 60.0)        4( 40.0)       0       3       3       0       0       0       0
  7       5( 83.3)        1( 16.7)       0       0       1       0       0       0       0
  8       8( 80.0)        2( 20.0)       0       1       2       0       0       0       0
  9       5( 83.3)        1( 16.7)       0       0       1       0       0       0       0
 10       9( 90.0)        1( 10.0)       0       0       1       0       0       0       0
 11       1( 16.7)        5( 83.3)       0       2       5       0       0       0       0
 12       5( 50.0)        5( 50.0)       0       1       5       0       0       0       0
 13       7( 77.8)        2( 22.2)       0       2       1       0       0       0       0
 14       3( 42.9)        4( 57.1)       0       2       4       0       0       0       0
 15       8( 88.9)        1( 11.1)       0       0       1       0       0       0       0
 16       5( 71.4)        2( 28.6)       0       1       2       0       0       0       0
 17       7( 77.8)        2( 22.2)       0       0       2       0       0       0       0
 18       4( 57.1)        3( 42.9)       0       2       3       0       0       0       0
 19       9(100.0)        0(  0.0)       0       0       0       0       0       0       0
 20       7(100.0)        0(  0.0)       0       0       0       0       0       0       0
 21       8( 88.9)        1( 11.1)       0       0       1       0       0       0       0
 22       6( 85.7)        1( 14.3)       0       1       0       0       0       0       0
 23       6( 66.7)        3( 33.3)       0       2       3       0       0       0       0
 24       3( 42.9)        4( 57.1)       0       4       3       0       0       0       0
____________________________________________________________________________________________________
Total   142( 74.0)       50( 26.0)       0      21      46       0       0       0       0

