Bin   #(%) accepted   #(%) rejected    # F2    # F3    # F4    # F5    # F6    # F7    # F8
  1       6( 60.0)        4( 40.0)       0       3       4       0       0       0       0
  2       3( 50.0)        3( 50.0)       0       2       3       0       0       0       0
  3       8( 80.0)        2( 20.0)       0       0       2       0       0       0       0
  4       5( 83.3)        1( 16.7)       0       1       1       0       0       0       0
  5       9( 90.0)        1( 10.0)       0       1       1       0       0       0       0
  6       4( 66.7)        2( 33.3)       0       2       2       0       0       0       0
  7       8( 80.0)        2( 20.0)       0       0       2       0       0       0       0
  8       3( 50.0)        3( 50.0)       0       1       3       0       0       0       0
  9      10(100.0)        0(  0.0)       0       0       0       0       0       0       0
 10       5( 83.3)        1( 16.7)       0       1       1       0       0       0       0
 11       9( 90.0)        1( 10.0)       0       1       1       0       0       0       0
 12       5( 83.3)        1( 16.7)       0       1       1       0       0       0       0
 13       5( 62.5)        3( 37.5)       0       1       3       0       0       0       0
 14       2( 28.6)        5( 71.4)       0       1       5       0       0       0       0
 15       5( 62.5)        3( 37.5)       0       2       1       0       0       0       0
 16       5( 71.4)        2( 28.6)       0       2       2       0       0       0       0
 17       7( 87.5)        1( 12.5)       0       1       1       0       0       0       0
 18       6( 85.7)        1( 14.3)       0       0       1       0       0       0       0
 19       7( 87.5)        1( 12.5)       0       0       1       0       0       0       0
 20       5( 71.4)        2( 28.6)       0       1       2       0       0       0       0
 21       8(100.0)        0(  0.0)       0       0       0       0       0       0       0
 22       6( 85.7)        1( 14.3)       0       1       1       0       0       0       0
 23       7( 87.5)        1( 12.5)       0       1       0       0       0       0       0
 24       7(100.0)        0(  0.0)       0       0       0       0       0       0       0
____________________________________________________________________________________________________
Total   145( 78.0)       41( 22.0)       0      23      38       0       0       0       0

