Bin   #(%) accepted   #(%) rejected    # F2    # F3    # F4    # F5    # F6    # F7    # F8
  1       7(100.0)        0(  0.0)       0       0       0       0       0       0       0
  2       8(100.0)        0(  0.0)       0       0       0       0       0       0       0
  3       6( 85.7)        1( 14.3)       0       1       1       0       0       0       0
  4       7( 87.5)        1( 12.5)       0       0       1       0       0       0       0
  5       7(100.0)        0(  0.0)       0       0       0       0       0       0       0
  6       7( 87.5)        1( 12.5)       0       0       1       0       0       0       0
  7       6( 85.7)        1( 14.3)       0       0       1       0       0       0       0
  8       7( 87.5)        1( 12.5)       0       0       1       0       0       0       0
  9       6( 85.7)        1( 14.3)       0       1       1       0       0       0       0
 10       7( 87.5)        1( 12.5)       0       0       1       0       0       0       0
 11       7(100.0)        0(  0.0)       0       0       0       0       0       0       0
 12       7( 87.5)        1( 12.5)       0       0       1       0       0       0       0
 13       6( 75.0)        2( 25.0)       0       2       2       0       0       0       0
 14       8(100.0)        0(  0.0)       0       0       0       0       0       0       0
 15       6( 75.0)        2( 25.0)       0       1       2       0       0       0       0
 16       8(100.0)        0(  0.0)       0       0       0       0       0       0       0
 17       6( 75.0)        2( 25.0)       0       1       1       0       0       0       0
 18       8(100.0)        0(  0.0)       0       0       0       0       0       0       0
 19       8(100.0)        0(  0.0)       0       0       0       0       0       0       0
 20       8(100.0)        0(  0.0)       0       0       0       0       0       0       0
 21       8(100.0)        0(  0.0)       0       0       0       0       0       0       0
 22       7( 87.5)        1( 12.5)       0       1       1       0       0       0       0
 23       8(100.0)        0(  0.0)       0       0       0       0       0       0       0
 24       8(100.0)        0(  0.0)       0       0       0       0       0       0       0
____________________________________________________________________________________________________
Total   171( 91.9)       15(  8.1)       0       7      14       0       0       0       0

