Bin   #(%) accepted   #(%) rejected    # F2    # F3    # F4    # F5    # F6    # F7    # F8
  1       7( 70.0)        3( 30.0)       0       2       3       0       0       0       0
  2       3( 50.0)        3( 50.0)       0       1       3       0       0       0       0
  3      10(100.0)        0(  0.0)       0       0       0       0       0       0       0
  4       6(100.0)        0(  0.0)       0       0       0       0       0       0       0
  5      10(100.0)        0(  0.0)       0       0       0       0       0       0       0
  6       4( 66.7)        2( 33.3)       0       2       2       0       0       0       0
  7      10(100.0)        0(  0.0)       0       0       0       0       0       0       0
  8       5( 83.3)        1( 16.7)       0       1       0       0       0       0       0
  9       6( 60.0)        4( 40.0)       0       4       4       0       0       0       0
 10       4( 66.7)        2( 33.3)       0       2       2       0       0       0       0
 11       7( 70.0)        3( 30.0)       0       2       3       0       0       0       0
 12       5( 83.3)        1( 16.7)       0       1       1       0       0       0       0
 13       5( 55.6)        4( 44.4)       0       4       4       0       0       0       0
 14       6( 85.7)        1( 14.3)       0       1       0       0       0       0       0
 15       6( 66.7)        3( 33.3)       0       3       3       0       0       0       0
 16       6( 85.7)        1( 14.3)       0       1       1       0       0       0       0
 17       4( 44.4)        5( 55.6)       0       5       4       0       0       0       0
 18       5( 71.4)        2( 28.6)       0       2       2       0       0       0       0
 19       8( 88.9)        1( 11.1)       0       1       1       0       0       0       0
 20       4( 57.1)        3( 42.9)       0       2       3       0       0       0       0
 21       7( 77.8)        2( 22.2)       0       2       2       0       0       0       0
 22       7(100.0)        0(  0.0)       0       0       0       0       0       0       0
 23       8( 88.9)        1( 11.1)       0       1       1       0       0       0       0
 24       5( 71.4)        2( 28.6)       0       2       2       0       0       0       0
____________________________________________________________________________________________________
Total   148( 77.1)       44( 22.9)       0      39      41       0       0       0       0

