Bin   #(%) accepted   #(%) rejected    # F2    # F3    # F4    # F5    # F6    # F7    # F8
  1       7( 87.5)        1( 12.5)       0       0       1       0       0       0       0
  2       2( 25.0)        6( 75.0)       0       4       5       0       0       0       0
  3       6( 75.0)        2( 25.0)       0       1       2       0       0       0       0
  4       4( 50.0)        4( 50.0)       0       3       4       0       0       0       0
  5       5( 62.5)        3( 37.5)       0       3       3       0       0       0       0
  6       7( 87.5)        1( 12.5)       0       1       1       0       0       0       0
  7       6( 75.0)        2( 25.0)       0       2       2       0       0       0       0
  8       7( 87.5)        1( 12.5)       0       1       1       0       0       0       0
  9       8(100.0)        0(  0.0)       0       0       0       0       0       0       0
 10       7( 87.5)        1( 12.5)       0       1       1       0       0       0       0
 11       8(100.0)        0(  0.0)       0       0       0       0       0       0       0
 12       7( 87.5)        1( 12.5)       0       1       1       0       0       0       0
 13       5( 71.4)        2( 28.6)       0       0       2       0       0       0       0
 14       5( 55.6)        4( 44.4)       0       1       4       0       0       0       0
 15       6( 85.7)        1( 14.3)       0       0       1       0       0       0       0
 16       8( 88.9)        1( 11.1)       0       0       1       0       0       0       0
 17       5( 71.4)        2( 28.6)       0       2       2       0       0       0       0
 18       8( 88.9)        1( 11.1)       0       1       1       0       0       0       0
 19       6( 85.7)        1( 14.3)       0       1       1       0       0       0       0
 20       7( 77.8)        2( 22.2)       0       0       2       0       0       0       0
 21       7(100.0)        0(  0.0)       0       0       0       0       0       0       0
 22       6( 66.7)        3( 33.3)       0       1       3       0       0       0       0
 23       6( 85.7)        1( 14.3)       0       1       0       0       0       0       0
 24       6( 66.7)        3( 33.3)       0       2       3       0       0       0       0
____________________________________________________________________________________________________
Total   149( 77.6)       43( 22.4)       0      26      41       0       0       0       0

