Bin   #(%) accepted   #(%) rejected    # F2    # F3    # F4    # F5    # F6    # F7    # F8
  1       2( 40.0)        3( 60.0)       0       1       2       0       0       0       0
  2       9( 81.8)        2( 18.2)       0       1       2       0       0       0       0
  3       3( 60.0)        2( 40.0)       0       2       2       0       0       0       0
  4      10( 90.9)        1(  9.1)       0       1       1       0       0       0       0
  5       3( 60.0)        2( 40.0)       0       1       2       0       0       0       0
  6      10( 90.9)        1(  9.1)       0       1       1       0       0       0       0
  7       4( 80.0)        1( 20.0)       0       0       1       0       0       0       0
  8       9( 81.8)        2( 18.2)       0       1       2       0       0       0       0
  9       4( 80.0)        1( 20.0)       0       0       1       0       0       0       0
 10      10( 90.9)        1(  9.1)       0       1       1       0       0       0       0
 11       4( 80.0)        1( 20.0)       0       1       1       0       0       0       0
 12       9( 81.8)        2( 18.2)       0       2       2       0       0       0       0
 13       6( 75.0)        2( 25.0)       0       0       2       0       0       0       0
 14       6( 85.7)        1( 14.3)       0       1       1       0       0       0       0
 15       7( 87.5)        1( 12.5)       0       1       0       0       0       0       0
 16       6( 85.7)        1( 14.3)       0       1       1       0       0       0       0
 17       6( 75.0)        2( 25.0)       0       2       2       0       0       0       0
 18       7(100.0)        0(  0.0)       0       0       0       0       0       0       0
 19       7( 87.5)        1( 12.5)       0       0       1       0       0       0       0
 20       6( 85.7)        1( 14.3)       0       1       1       0       0       0       0
 21       8(100.0)        0(  0.0)       0       0       0       0       0       0       0
 22       6( 85.7)        1( 14.3)       0       0       1       0       0       0       0
 23       6( 75.0)        2( 25.0)       0       2       1       0       0       0       0
 24       5( 71.4)        2( 28.6)       0       1       1       0       0       0       0
____________________________________________________________________________________________________
Total   153( 82.3)       33( 17.7)       0      21      29       0       0       0       0

