Bin   #(%) accepted   #(%) rejected    # F2    # F3    # F4    # F5    # F6    # F7    # F8
  1       3( 27.3)        8( 72.7)       0       2       8       0       0       0       0
  2       0(  0.0)        5(100.0)       0       0       5       0       0       0       0
  3       4( 36.4)        7( 63.6)       0       6       6       0       0       0       0
  4       2( 40.0)        3( 60.0)       0       3       3       0       0       0       0
  5       1(  9.1)       10( 90.9)       0      10      10       0       0       0       0
  6       0(  0.0)        5(100.0)       0       5       5       0       0       0       0
  7       6( 54.5)        5( 45.5)       0       4       5       0       0       0       0
  8       3( 60.0)        2( 40.0)       0       2       2       0       0       0       0
  9       4( 36.4)        7( 63.6)       0       6       7       0       0       0       0
 10       4( 80.0)        1( 20.0)       0       1       1       0       0       0       0
 11       2( 18.2)        9( 81.8)       0       9       9       0       0       0       0
 12       0(  0.0)        5(100.0)       0       5       5       0       0       0       0
 13       1( 10.0)        9( 90.0)       0       1       9       0       0       0       0
 14       1( 16.7)        5( 83.3)       0       1       5       0       0       0       0
 15       5( 50.0)        5( 50.0)       0       4       5       0       0       0       0
 16       3( 50.0)        3( 50.0)       0       2       3       0       0       0       0
 17       0(  0.0)       10(100.0)       0      10      10       0       0       0       0
 18       1( 16.7)        5( 83.3)       0       5       5       0       0       0       0
 19       3( 30.0)        7( 70.0)       0       6       7       0       0       0       0
 20       1( 16.7)        5( 83.3)       0       4       5       0       0       0       0
 21       7( 70.0)        3( 30.0)       0       3       3       0       0       0       0
 22       5( 83.3)        1( 16.7)       0       1       1       0       0       0       0
 23       2( 20.0)        8( 80.0)       0       8       7       0       0       0       0
 24       0(  0.0)        6(100.0)       0       6       6       0       0       0       0
____________________________________________________________________________________________________
Total    58( 30.2)      134( 69.8)       0     104     132       0       0       0       0

