Bin   #(%) accepted   #(%) rejected    # F2    # F3    # F4    # F5    # F6    # F7    # F8
  1       4( 40.0)        6( 60.0)       0       0       6       0       0       0       0
  2       4( 66.7)        2( 33.3)       0       1       2       0       0       0       0
  3       9( 90.0)        1( 10.0)       0       1       0       0       0       0       0
  4       5( 83.3)        1( 16.7)       0       0       1       0       0       0       0
  5       8( 80.0)        2( 20.0)       0       2       2       0       0       0       0
  6       4( 66.7)        2( 33.3)       0       1       1       0       0       0       0
  7      10(100.0)        0(  0.0)       0       0       0       0       0       0       0
  8       5( 83.3)        1( 16.7)       0       1       0       0       0       0       0
  9       9( 90.0)        1( 10.0)       0       1       1       0       0       0       0
 10       5( 83.3)        1( 16.7)       0       1       1       0       0       0       0
 11      10(100.0)        0(  0.0)       0       0       0       0       0       0       0
 12       6(100.0)        0(  0.0)       0       0       0       0       0       0       0
 13       4( 44.4)        5( 55.6)       0       2       4       0       0       0       0
 14       6( 85.7)        1( 14.3)       0       0       1       0       0       0       0
 15       8( 88.9)        1( 11.1)       0       1       1       0       0       0       0
 16       6( 85.7)        1( 14.3)       0       0       1       0       0       0       0
 17       8( 88.9)        1( 11.1)       0       1       1       0       0       0       0
 18       6( 85.7)        1( 14.3)       0       1       1       0       0       0       0
 19       8( 88.9)        1( 11.1)       0       1       1       0       0       0       0
 20       7(100.0)        0(  0.0)       0       0       0       0       0       0       0
 21       9(100.0)        0(  0.0)       0       0       0       0       0       0       0
 22       7(100.0)        0(  0.0)       0       0       0       0       0       0       0
 23       8( 88.9)        1( 11.1)       0       1       1       0       0       0       0
 24       6( 85.7)        1( 14.3)       0       1       1       0       0       0       0
____________________________________________________________________________________________________
Total   162( 84.4)       30( 15.6)       0      16      26       0       0       0       0

