Bin   #(%) accepted   #(%) rejected    # F2    # F3    # F4    # F5    # F6    # F7    # F8
  1       7( 77.8)        2( 22.2)       0       0       2       0       0       0       0
  2       3( 50.0)        3( 50.0)       0       1       2       0       0       0       0
  3       9(100.0)        0(  0.0)       0       0       0       0       0       0       0
  4       5( 83.3)        1( 16.7)       0       1       1       0       0       0       0
  5       7( 77.8)        2( 22.2)       0       2       2       0       0       0       0
  6       4( 66.7)        2( 33.3)       0       2       2       0       0       0       0
  7       7( 77.8)        2( 22.2)       0       2       1       0       0       0       0
  8       6(100.0)        0(  0.0)       0       0       0       0       0       0       0
  9       7( 77.8)        2( 22.2)       0       2       2       0       0       0       0
 10       6(100.0)        0(  0.0)       0       0       0       0       0       0       0
 11       6( 66.7)        3( 33.3)       0       2       3       0       0       0       0
 12       4( 66.7)        2( 33.3)       0       2       1       0       0       0       0
 13       7( 87.5)        1( 12.5)       0       0       1       0       0       0       0
 14       5( 62.5)        3( 37.5)       0       1       3       0       0       0       0
 15       7( 87.5)        1( 12.5)       0       1       1       0       0       0       0
 16       7( 87.5)        1( 12.5)       0       1       1       0       0       0       0
 17       7( 87.5)        1( 12.5)       0       1       1       0       0       0       0
 18       5( 62.5)        3( 37.5)       0       3       3       0       0       0       0
 19       8(100.0)        0(  0.0)       0       0       0       0       0       0       0
 20       8(100.0)        0(  0.0)       0       0       0       0       0       0       0
 21       8(100.0)        0(  0.0)       0       0       0       0       0       0       0
 22       8(100.0)        0(  0.0)       0       0       0       0       0       0       0
 23       5( 62.5)        3( 37.5)       0       3       1       0       0       0       0
 24       8(100.0)        0(  0.0)       0       0       0       0       0       0       0
____________________________________________________________________________________________________
Total   154( 82.8)       32( 17.2)       0      24      27       0       0       0       0

