Bin   #(%) accepted   #(%) rejected    # F2    # F3    # F4    # F5    # F6    # F7    # F8
  1       8(100.0)        0(  0.0)       0       0       0       0       0       0       0
  2       7( 87.5)        1( 12.5)       0       1       1       0       0       0       0
  3       7( 87.5)        1( 12.5)       0       1       1       0       0       0       0
  4       7( 87.5)        1( 12.5)       0       1       0       0       0       0       0
  5       7( 87.5)        1( 12.5)       0       1       1       0       0       0       0
  6       6( 75.0)        2( 25.0)       0       1       1       0       0       0       0
  7       7( 87.5)        1( 12.5)       0       1       0       0       0       0       0
  8       5( 62.5)        3( 37.5)       0       3       1       0       0       0       0
  9       6( 75.0)        2( 25.0)       0       2       1       0       0       0       0
 10       5( 62.5)        3( 37.5)       0       3       2       0       0       0       0
 11       5( 62.5)        3( 37.5)       0       3       3       0       0       0       0
 12       2( 25.0)        6( 75.0)       0       5       4       0       0       0       0
 13       5( 55.6)        4( 44.4)       0       4       2       0       0       0       0
 14       3( 42.9)        4( 57.1)       0       2       3       0       0       0       0
 15       5( 55.6)        4( 44.4)       0       2       2       0       0       0       0
 16       5( 71.4)        2( 28.6)       0       2       0       0       0       0       0
 17       8( 88.9)        1( 11.1)       0       1       0       0       0       0       0
 18       7(100.0)        0(  0.0)       0       0       0       0       0       0       0
 19       8( 88.9)        1( 11.1)       0       1       0       0       0       0       0
 20       6( 85.7)        1( 14.3)       0       1       0       0       0       0       0
 21       8( 88.9)        1( 11.1)       0       1       0       0       0       0       0
 22       4( 57.1)        3( 42.9)       0       2       2       0       0       0       0
 23       8( 88.9)        1( 11.1)       0       1       1       0       0       0       0
 24       3( 42.9)        4( 57.1)       0       3       3       0       0       0       0
____________________________________________________________________________________________________
Total   142( 74.0)       50( 26.0)       0      42      28       0       0       0       0

