Bin   #(%) accepted   #(%) rejected    # F2    # F3    # F4    # F5    # F6    # F7    # F8
  1       1( 25.0)        3( 75.0)       0       1       3       0       0       0       0
  2       2( 16.7)       10( 83.3)       0       4      10       0       0       0       0
  3       3( 75.0)        1( 25.0)       0       1       1       0       0       0       0
  4      10( 83.3)        2( 16.7)       0       0       2       0       0       0       0
  5       3( 75.0)        1( 25.0)       0       1       1       0       0       0       0
  6       8( 66.7)        4( 33.3)       0       4       4       0       0       0       0
  7       4(100.0)        0(  0.0)       0       0       0       0       0       0       0
  8      10( 83.3)        2( 16.7)       0       2       1       0       0       0       0
  9       4(100.0)        0(  0.0)       0       0       0       0       0       0       0
 10      12(100.0)        0(  0.0)       0       0       0       0       0       0       0
 11       3( 75.0)        1( 25.0)       0       0       1       0       0       0       0
 12       7( 58.3)        5( 41.7)       0       5       5       0       0       0       0
 13       4( 57.1)        3( 42.9)       0       3       3       0       0       0       0
 14       2( 22.2)        7( 77.8)       0       1       7       0       0       0       0
 15       5( 71.4)        2( 28.6)       0       2       0       0       0       0       0
 16       6( 66.7)        3( 33.3)       0       1       3       0       0       0       0
 17       5( 71.4)        2( 28.6)       0       1       2       0       0       0       0
 18       6( 66.7)        3( 33.3)       0       3       3       0       0       0       0
 19       5( 71.4)        2( 28.6)       0       2       1       0       0       0       0
 20       6( 66.7)        3( 33.3)       0       1       3       0       0       0       0
 21       5( 71.4)        2( 28.6)       0       1       2       0       0       0       0
 22       8( 88.9)        1( 11.1)       0       0       1       0       0       0       0
 23       6( 85.7)        1( 14.3)       0       1       1       0       0       0       0
 24       7( 77.8)        2( 22.2)       0       2       2       0       0       0       0
____________________________________________________________________________________________________
Total   132( 68.8)       60( 31.2)       0      36      56       0       0       0       0

