Bin   #(%) accepted   #(%) rejected    # F2    # F3    # F4    # F5    # F6    # F7    # F8
  1      11( 91.7)        1(  8.3)       0       0       1       0       0       0       0
  2       3( 75.0)        1( 25.0)       0       1       1       0       0       0       0
  3      11( 91.7)        1(  8.3)       0       1       0       0       0       0       0
  4       4(100.0)        0(  0.0)       0       0       0       0       0       0       0
  5      10( 83.3)        2( 16.7)       0       1       1       0       0       0       0
  6       4(100.0)        0(  0.0)       0       0       0       0       0       0       0
  7      12(100.0)        0(  0.0)       0       0       0       0       0       0       0
  8       4(100.0)        0(  0.0)       0       0       0       0       0       0       0
  9      12(100.0)        0(  0.0)       0       0       0       0       0       0       0
 10       3( 75.0)        1( 25.0)       0       1       1       0       0       0       0
 11       9( 75.0)        3( 25.0)       0       1       2       0       0       0       0
 12       3( 75.0)        1( 25.0)       0       0       1       0       0       0       0
 13       8( 88.9)        1( 11.1)       0       0       1       0       0       0       0
 14       5( 71.4)        2( 28.6)       0       0       2       0       0       0       0
 15       9(100.0)        0(  0.0)       0       0       0       0       0       0       0
 16       7(100.0)        0(  0.0)       0       0       0       0       0       0       0
 17       8( 88.9)        1( 11.1)       0       0       1       0       0       0       0
 18       5( 71.4)        2( 28.6)       0       1       2       0       0       0       0
 19       8( 88.9)        1( 11.1)       0       0       1       0       0       0       0
 20       7(100.0)        0(  0.0)       0       0       0       0       0       0       0
 21       8( 88.9)        1( 11.1)       0       1       0       0       0       0       0
 22       7(100.0)        0(  0.0)       0       0       0       0       0       0       0
 23       7( 77.8)        2( 22.2)       0       2       1       0       0       0       0
 24       7(100.0)        0(  0.0)       0       0       0       0       0       0       0
____________________________________________________________________________________________________
Total   172( 89.6)       20( 10.4)       0       9      15       0       0       0       0

