Bin   #(%) accepted   #(%) rejected    # F2    # F3    # F4    # F5    # F6    # F7    # F8
  1       4( 80.0)        1( 20.0)       0       0       1       0       0       0       0
  2       7( 63.6)        4( 36.4)       0       3       3       0       0       0       0
  3       5(100.0)        0(  0.0)       0       0       0       0       0       0       0
  4      10( 90.9)        1(  9.1)       0       0       1       0       0       0       0
  5       5(100.0)        0(  0.0)       0       0       0       0       0       0       0
  6      10( 90.9)        1(  9.1)       0       1       1       0       0       0       0
  7       4( 80.0)        1( 20.0)       0       1       1       0       0       0       0
  8       7( 63.6)        4( 36.4)       0       4       1       0       0       0       0
  9       4( 80.0)        1( 20.0)       0       1       1       0       0       0       0
 10      11(100.0)        0(  0.0)       0       0       0       0       0       0       0
 11       3( 60.0)        2( 40.0)       0       2       2       0       0       0       0
 12      11(100.0)        0(  0.0)       0       0       0       0       0       0       0
 13       1( 25.0)        3( 75.0)       0       0       3       0       0       0       0
 14       7( 58.3)        5( 41.7)       0       2       5       0       0       0       0
 15       4(100.0)        0(  0.0)       0       0       0       0       0       0       0
 16      12(100.0)        0(  0.0)       0       0       0       0       0       0       0
 17       4(100.0)        0(  0.0)       0       0       0       0       0       0       0
 18      11( 91.7)        1(  8.3)       0       1       1       0       0       0       0
 19       4(100.0)        0(  0.0)       0       0       0       0       0       0       0
 20      12(100.0)        0(  0.0)       0       0       0       0       0       0       0
 21       3( 75.0)        1( 25.0)       0       0       1       0       0       0       0
 22      10( 83.3)        2( 16.7)       0       2       2       0       0       0       0
 23       4(100.0)        0(  0.0)       0       0       0       0       0       0       0
 24      10( 83.3)        2( 16.7)       0       2       1       0       0       0       0
____________________________________________________________________________________________________
Total   163( 84.9)       29( 15.1)       0      19      24       0       0       0       0

