Bin   #(%) accepted   #(%) rejected    # F2    # F3    # F4    # F5    # F6    # F7    # F8
  1       2( 18.2)        9( 81.8)       0       2       9       0       0       0       0
  2       2( 40.0)        3( 60.0)       0       2       3       0       0       0       0
  3       8( 72.7)        3( 27.3)       0       2       3       0       0       0       0
  4       1( 20.0)        4( 80.0)       0       3       4       0       0       0       0
  5       2( 18.2)        9( 81.8)       0       9       9       0       0       0       0
  6       0(  0.0)        5(100.0)       0       3       5       0       0       0       0
  7       7( 63.6)        4( 36.4)       0       1       4       0       0       0       0
  8       2( 40.0)        3( 60.0)       0       3       3       0       0       0       0
  9      10( 90.9)        1(  9.1)       0       1       0       0       0       0       0
 10       4( 80.0)        1( 20.0)       0       0       1       0       0       0       0
 11       2( 18.2)        9( 81.8)       0       8       9       0       0       0       0
 12       1( 20.0)        4( 80.0)       0       3       4       0       0       0       0
 13       4( 36.4)        7( 63.6)       0       0       7       0       0       0       0
 14       0(  0.0)        5(100.0)       0       3       5       0       0       0       0
 15       6( 54.5)        5( 45.5)       0       5       5       0       0       0       0
 16       1( 20.0)        4( 80.0)       0       4       4       0       0       0       0
 17       4( 36.4)        7( 63.6)       0       7       7       0       0       0       0
 18       0(  0.0)        5(100.0)       0       5       5       0       0       0       0
 19       9( 81.8)        2( 18.2)       0       1       2       0       0       0       0
 20       3( 60.0)        2( 40.0)       0       2       2       0       0       0       0
 21       9( 81.8)        2( 18.2)       0       1       2       0       0       0       0
 22       2( 40.0)        3( 60.0)       0       3       3       0       0       0       0
 23       3( 27.3)        8( 72.7)       0       8       8       0       0       0       0
 24       2( 40.0)        3( 60.0)       0       3       3       0       0       0       0
____________________________________________________________________________________________________
Total    84( 43.8)      108( 56.2)       0      79     107       0       0       0       0

