Bin   #(%) accepted   #(%) rejected    # F2    # F3    # F4    # F5    # F6    # F7    # F8
  1      10( 71.4)        4( 28.6)       0       1       4       0       0       0       0
  2       2(100.0)        0(  0.0)       0       0       0       0       0       0       0
  3      11( 78.6)        3( 21.4)       0       0       3       0       0       0       0
  4       2(100.0)        0(  0.0)       0       0       0       0       0       0       0
  5       8( 57.1)        6( 42.9)       0       0       6       0       0       0       0
  6       1( 50.0)        1( 50.0)       0       0       1       0       0       0       0
  7      14(100.0)        0(  0.0)       0       0       0       0       0       0       0
  8       2(100.0)        0(  0.0)       0       0       0       0       0       0       0
  9      14(100.0)        0(  0.0)       0       0       0       0       0       0       0
 10       2(100.0)        0(  0.0)       0       0       0       0       0       0       0
 11      13( 92.9)        1(  7.1)       0       1       1       0       0       0       0
 12       2(100.0)        0(  0.0)       0       0       0       0       0       0       0
 13      13( 92.9)        1(  7.1)       0       0       1       0       0       0       0
 14       2(100.0)        0(  0.0)       0       0       0       0       0       0       0
 15      13( 92.9)        1(  7.1)       0       0       1       0       0       0       0
 16       2(100.0)        0(  0.0)       0       0       0       0       0       0       0
 17       7( 50.0)        7( 50.0)       0       2       7       0       0       0       0
 18       0(  0.0)        2(100.0)       0       0       2       0       0       0       0
 19      14(100.0)        0(  0.0)       0       0       0       0       0       0       0
 20       2(100.0)        0(  0.0)       0       0       0       0       0       0       0
 21      13( 92.9)        1(  7.1)       0       0       1       0       0       0       0
 22       2(100.0)        0(  0.0)       0       0       0       0       0       0       0
 23      12( 85.7)        2( 14.3)       0       0       2       0       0       0       0
 24       2(100.0)        0(  0.0)       0       0       0       0       0       0       0
____________________________________________________________________________________________________
Total   163( 84.9)       29( 15.1)       0       4      29       0       0       0       0

