Bin   #(%) accepted   #(%) rejected    # F2    # F3    # F4    # F5    # F6    # F7    # F8
  1       7( 77.8)        2( 22.2)       0       1       1       0       0       0       0
  2       6( 85.7)        1( 14.3)       0       1       0       0       0       0       0
  3       8( 88.9)        1( 11.1)       0       1       1       0       0       0       0
  4       7(100.0)        0(  0.0)       0       0       0       0       0       0       0
  5       6( 66.7)        3( 33.3)       0       2       2       0       0       0       0
  6       4( 57.1)        3( 42.9)       0       2       3       0       0       0       0
  7       9(100.0)        0(  0.0)       0       0       0       0       0       0       0
  8       7(100.0)        0(  0.0)       0       0       0       0       0       0       0
  9       9(100.0)        0(  0.0)       0       0       0       0       0       0       0
 10       7(100.0)        0(  0.0)       0       0       0       0       0       0       0
 11       8( 88.9)        1( 11.1)       0       0       1       0       0       0       0
 12       7(100.0)        0(  0.0)       0       0       0       0       0       0       0
 13       8( 88.9)        1( 11.1)       0       0       1       0       0       0       0
 14       6( 85.7)        1( 14.3)       0       1       1       0       0       0       0
 15       7( 77.8)        2( 22.2)       0       1       2       0       0       0       0
 16       7(100.0)        0(  0.0)       0       0       0       0       0       0       0
 17       5( 55.6)        4( 44.4)       0       3       4       0       0       0       0
 18       4( 57.1)        3( 42.9)       0       3       3       0       0       0       0
 19       9(100.0)        0(  0.0)       0       0       0       0       0       0       0
 20       7(100.0)        0(  0.0)       0       0       0       0       0       0       0
 21       9(100.0)        0(  0.0)       0       0       0       0       0       0       0
 22       6( 85.7)        1( 14.3)       0       1       1       0       0       0       0
 23       9(100.0)        0(  0.0)       0       0       0       0       0       0       0
 24       7(100.0)        0(  0.0)       0       0       0       0       0       0       0
____________________________________________________________________________________________________
Total   169( 88.0)       23( 12.0)       0      16      20       0       0       0       0

