Bin   #(%) accepted   #(%) rejected    # F2    # F3    # F4    # F5    # F6    # F7    # F8
  1       5( 41.7)        7( 58.3)       0       3       7       0       0       0       0
  2       1( 25.0)        3( 75.0)       0       0       3       0       0       0       0
  3      11( 91.7)        1(  8.3)       0       0       1       0       0       0       0
  4       4(100.0)        0(  0.0)       0       0       0       0       0       0       0
  5       5( 41.7)        7( 58.3)       0       4       7       0       0       0       0
  6       1( 25.0)        3( 75.0)       0       1       3       0       0       0       0
  7      12(100.0)        0(  0.0)       0       0       0       0       0       0       0
  8       4(100.0)        0(  0.0)       0       0       0       0       0       0       0
  9      11( 91.7)        1(  8.3)       0       0       1       0       0       0       0
 10       4(100.0)        0(  0.0)       0       0       0       0       0       0       0
 11      11( 91.7)        1(  8.3)       0       1       1       0       0       0       0
 12       3( 75.0)        1( 25.0)       0       0       1       0       0       0       0
 13       2( 14.3)       12( 85.7)       0       3      12       0       0       0       0
 14       1( 50.0)        1( 50.0)       0       1       1       0       0       0       0
 15      11( 78.6)        3( 21.4)       0       1       3       0       0       0       0
 16       1( 50.0)        1( 50.0)       0       0       1       0       0       0       0
 17       9( 64.3)        5( 35.7)       0       4       5       0       0       0       0
 18       2(100.0)        0(  0.0)       0       0       0       0       0       0       0
 19      14(100.0)        0(  0.0)       0       0       0       0       0       0       0
 20       2(100.0)        0(  0.0)       0       0       0       0       0       0       0
 21       9( 64.3)        5( 35.7)       0       1       5       0       0       0       0
 22       2(100.0)        0(  0.0)       0       0       0       0       0       0       0
 23      11( 78.6)        3( 21.4)       0       1       3       0       0       0       0
 24       2(100.0)        0(  0.0)       0       0       0       0       0       0       0
____________________________________________________________________________________________________
Total   138( 71.9)       54( 28.1)       0      20      54       0       0       0       0

