Bin   #(%) accepted   #(%) rejected    # F2    # F3    # F4    # F5    # F6    # F7    # F8
  1       4( 50.0)        4( 50.0)       0       4       4       0       0       0       0
  2       5( 62.5)        3( 37.5)       0       2       3       0       0       0       0
  3       7( 87.5)        1( 12.5)       0       1       1       0       0       0       0
  4       6( 75.0)        2( 25.0)       0       1       2       0       0       0       0
  5       6( 75.0)        2( 25.0)       0       1       2       0       0       0       0
  6       7( 87.5)        1( 12.5)       0       1       1       0       0       0       0
  7       7( 87.5)        1( 12.5)       0       1       1       0       0       0       0
  8       6( 75.0)        2( 25.0)       0       2       2       0       0       0       0
  9       7( 87.5)        1( 12.5)       0       0       1       0       0       0       0
 10       7( 87.5)        1( 12.5)       0       1       0       0       0       0       0
 11       7( 87.5)        1( 12.5)       0       1       0       0       0       0       0
 12       8(100.0)        0(  0.0)       0       0       0       0       0       0       0
 13       6( 60.0)        4( 40.0)       0       2       4       0       0       0       0
 14       4( 66.7)        2( 33.3)       0       2       2       0       0       0       0
 15      10(100.0)        0(  0.0)       0       0       0       0       0       0       0
 16       4( 66.7)        2( 33.3)       0       2       2       0       0       0       0
 17       5( 50.0)        5( 50.0)       0       4       5       0       0       0       0
 18       4( 66.7)        2( 33.3)       0       2       2       0       0       0       0
 19       8( 80.0)        2( 20.0)       0       2       2       0       0       0       0
 20       5( 83.3)        1( 16.7)       0       1       1       0       0       0       0
 21       6( 60.0)        4( 40.0)       0       4       4       0       0       0       0
 22       4( 66.7)        2( 33.3)       0       2       2       0       0       0       0
 23       9( 90.0)        1( 10.0)       0       1       1       0       0       0       0
 24       5( 83.3)        1( 16.7)       0       1       1       0       0       0       0
____________________________________________________________________________________________________
Total   147( 76.6)       45( 23.4)       0      38      43       0       0       0       0

