Bin   #(%) accepted   #(%) rejected    # F2    # F3    # F4    # F5    # F6    # F7    # F8
  1      11( 84.6)        2( 15.4)       0       0       2       0       0       0       0
  2       2( 66.7)        1( 33.3)       0       0       1       0       0       0       0
  3      13(100.0)        0(  0.0)       0       0       0       0       0       0       0
  4       3(100.0)        0(  0.0)       0       0       0       0       0       0       0
  5      13(100.0)        0(  0.0)       0       0       0       0       0       0       0
  6       3(100.0)        0(  0.0)       0       0       0       0       0       0       0
  7      12( 92.3)        1(  7.7)       0       1       0       0       0       0       0
  8       2( 66.7)        1( 33.3)       0       1       1       0       0       0       0
  9      13(100.0)        0(  0.0)       0       0       0       0       0       0       0
 10       3(100.0)        0(  0.0)       0       0       0       0       0       0       0
 11      13(100.0)        0(  0.0)       0       0       0       0       0       0       0
 12       3(100.0)        0(  0.0)       0       0       0       0       0       0       0
 13       9( 81.8)        2( 18.2)       0       0       2       0       0       0       0
 14       3( 60.0)        2( 40.0)       0       0       2       0       0       0       0
 15      11(100.0)        0(  0.0)       0       0       0       0       0       0       0
 16       5(100.0)        0(  0.0)       0       0       0       0       0       0       0
 17      11(100.0)        0(  0.0)       0       0       0       0       0       0       0
 18       5(100.0)        0(  0.0)       0       0       0       0       0       0       0
 19      11(100.0)        0(  0.0)       0       0       0       0       0       0       0
 20       5(100.0)        0(  0.0)       0       0       0       0       0       0       0
 21      11(100.0)        0(  0.0)       0       0       0       0       0       0       0
 22       5(100.0)        0(  0.0)       0       0       0       0       0       0       0
 23      11(100.0)        0(  0.0)       0       0       0       0       0       0       0
 24       4( 80.0)        1( 20.0)       0       1       0       0       0       0       0
____________________________________________________________________________________________________
Total   182( 94.8)       10(  5.2)       0       3       8       0       0       0       0

