Bin   #(%) accepted   #(%) rejected    # F2    # F3    # F4    # F5    # F6    # F7    # F8
  1       4( 44.4)        5( 55.6)       0       0       5       0       0       0       0
  2       2( 28.6)        5( 71.4)       0       2       5       0       0       0       0
  3       9(100.0)        0(  0.0)       0       0       0       0       0       0       0
  4       7(100.0)        0(  0.0)       0       0       0       0       0       0       0
  5       4( 44.4)        5( 55.6)       0       2       5       0       0       0       0
  6       4( 57.1)        3( 42.9)       0       2       3       0       0       0       0
  7       8( 88.9)        1( 11.1)       0       1       1       0       0       0       0
  8       7(100.0)        0(  0.0)       0       0       0       0       0       0       0
  9       7( 77.8)        2( 22.2)       0       2       1       0       0       0       0
 10       7(100.0)        0(  0.0)       0       0       0       0       0       0       0
 11       2( 22.2)        7( 77.8)       0       6       7       0       0       0       0
 12       2( 28.6)        5( 71.4)       0       4       5       0       0       0       0
 13       3( 33.3)        6( 66.7)       0       3       6       0       0       0       0
 14       3( 42.9)        4( 57.1)       0       1       3       0       0       0       0
 15       8( 88.9)        1( 11.1)       0       1       0       0       0       0       0
 16       7(100.0)        0(  0.0)       0       0       0       0       0       0       0
 17       4( 44.4)        5( 55.6)       0       4       4       0       0       0       0
 18       3( 42.9)        4( 57.1)       0       3       4       0       0       0       0
 19       7( 77.8)        2( 22.2)       0       1       1       0       0       0       0
 20       6( 85.7)        1( 14.3)       0       1       1       0       0       0       0
 21       7( 77.8)        2( 22.2)       0       2       1       0       0       0       0
 22       6( 85.7)        1( 14.3)       0       0       1       0       0       0       0
 23       2( 22.2)        7( 77.8)       0       5       7       0       0       0       0
 24       1( 14.3)        6( 85.7)       0       5       6       0       0       0       0
____________________________________________________________________________________________________
Total   120( 62.5)       72( 37.5)       0      45      66       0       0       0       0

