Bin   #(%) accepted   #(%) rejected    # F2    # F3    # F4    # F5    # F6    # F7    # F8
  1       2( 20.0)        8( 80.0)       0       0       8       0       0       0       0
  2       1( 16.7)        5( 83.3)       0       0       5       0       0       0       0
  3       6( 60.0)        4( 40.0)       0       2       4       0       0       0       0
  4       4( 66.7)        2( 33.3)       0       0       2       0       0       0       0
  5       4( 40.0)        6( 60.0)       0       4       6       0       0       0       0
  6       2( 33.3)        4( 66.7)       0       1       4       0       0       0       0
  7       6( 60.0)        4( 40.0)       0       1       4       0       0       0       0
  8       2( 33.3)        4( 66.7)       0       1       4       0       0       0       0
  9       7( 70.0)        3( 30.0)       0       0       3       0       0       0       0
 10       6(100.0)        0(  0.0)       0       0       0       0       0       0       0
 11       6( 60.0)        4( 40.0)       0       3       4       0       0       0       0
 12       4( 66.7)        2( 33.3)       0       0       2       0       0       0       0
 13       1(  7.1)       13( 92.9)       0       0      13       0       0       0       0
 14       0(  0.0)        2(100.0)       0       1       2       0       0       0       0
 15       9( 64.3)        5( 35.7)       0       1       5       0       0       0       0
 16       0(  0.0)        2(100.0)       0       0       2       0       0       0       0
 17       2( 14.3)       12( 85.7)       0       5      12       0       0       0       0
 18       0(  0.0)        2(100.0)       0       2       2       0       0       0       0
 19       8( 57.1)        6( 42.9)       0       1       6       0       0       0       0
 20       1( 50.0)        1( 50.0)       0       0       1       0       0       0       0
 21      11( 78.6)        3( 21.4)       0       1       2       0       0       0       0
 22       0(  0.0)        2(100.0)       0       1       2       0       0       0       0
 23      10( 71.4)        4( 28.6)       0       0       4       0       0       0       0
 24       2(100.0)        0(  0.0)       0       0       0       0       0       0       0
____________________________________________________________________________________________________
Total    94( 49.0)       98( 51.0)       0      24      97       0       0       0       0

