Bin   #(%) accepted   #(%) rejected    # F2    # F3    # F4    # F5    # F6    # F7    # F8
  1       4( 50.0)        4( 50.0)       0       4       4       0       0       0       0
  2       3( 37.5)        5( 62.5)       0       2       5       0       0       0       0
  3       7( 87.5)        1( 12.5)       0       0       1       0       0       0       0
  4       7( 87.5)        1( 12.5)       0       1       0       0       0       0       0
  5       4( 50.0)        4( 50.0)       0       4       4       0       0       0       0
  6       6( 75.0)        2( 25.0)       0       2       2       0       0       0       0
  7       6( 75.0)        2( 25.0)       0       2       2       0       0       0       0
  8       5( 62.5)        3( 37.5)       0       3       3       0       0       0       0
  9       7( 87.5)        1( 12.5)       0       1       1       0       0       0       0
 10       8(100.0)        0(  0.0)       0       0       0       0       0       0       0
 11       7( 87.5)        1( 12.5)       0       1       1       0       0       0       0
 12       6( 75.0)        2( 25.0)       0       2       2       0       0       0       0
 13       4( 50.0)        4( 50.0)       0       2       4       0       0       0       0
 14       6( 75.0)        2( 25.0)       0       2       2       0       0       0       0
 15       6( 75.0)        2( 25.0)       0       1       2       0       0       0       0
 16       8(100.0)        0(  0.0)       0       0       0       0       0       0       0
 17       6( 75.0)        2( 25.0)       0       2       2       0       0       0       0
 18       5( 62.5)        3( 37.5)       0       3       3       0       0       0       0
 19       8(100.0)        0(  0.0)       0       0       0       0       0       0       0
 20       8(100.0)        0(  0.0)       0       0       0       0       0       0       0
 21       7( 87.5)        1( 12.5)       0       1       1       0       0       0       0
 22       7( 87.5)        1( 12.5)       0       1       1       0       0       0       0
 23       4( 50.0)        4( 50.0)       0       4       4       0       0       0       0
 24       7( 87.5)        1( 12.5)       0       1       1       0       0       0       0
____________________________________________________________________________________________________
Total   146( 76.0)       46( 24.0)       0      39      45       0       0       0       0

