Bin   #(%) accepted   #(%) rejected    # F2    # F3    # F4    # F5    # F6    # F7    # F8
  1       8(100.0)        0(  0.0)       0       0       0       0       0       0       0
  2       8(100.0)        0(  0.0)       0       0       0       0       0       0       0
  3       8(100.0)        0(  0.0)       0       0       0       0       0       0       0
  4       8(100.0)        0(  0.0)       0       0       0       0       0       0       0
  5       8(100.0)        0(  0.0)       0       0       0       0       0       0       0
  6       8(100.0)        0(  0.0)       0       0       0       0       0       0       0
  7       8(100.0)        0(  0.0)       0       0       0       0       0       0       0
  8       8(100.0)        0(  0.0)       0       0       0       0       0       0       0
  9       8(100.0)        0(  0.0)       0       0       0       0       0       0       0
 10       8(100.0)        0(  0.0)       0       0       0       0       0       0       0
 11       8(100.0)        0(  0.0)       0       0       0       0       0       0       0
 12       8(100.0)        0(  0.0)       0       0       0       0       0       0       0
 13      10(100.0)        0(  0.0)       0       0       0       0       0       0       0
 14       6(100.0)        0(  0.0)       0       0       0       0       0       0       0
 15      10(100.0)        0(  0.0)       0       0       0       0       0       0       0
 16       6(100.0)        0(  0.0)       0       0       0       0       0       0       0
 17      10(100.0)        0(  0.0)       0       0       0       0       0       0       0
 18       6(100.0)        0(  0.0)       0       0       0       0       0       0       0
 19      10(100.0)        0(  0.0)       0       0       0       0       0       0       0
 20       6(100.0)        0(  0.0)       0       0       0       0       0       0       0
 21      10(100.0)        0(  0.0)       0       0       0       0       0       0       0
 22       6(100.0)        0(  0.0)       0       0       0       0       0       0       0
 23      10(100.0)        0(  0.0)       0       0       0       0       0       0       0
 24       6(100.0)        0(  0.0)       0       0       0       0       0       0       0
____________________________________________________________________________________________________
Total   192(100.0)        0(  0.0)       0       0       0       0       0       0       0

