Bin   #(%) accepted   #(%) rejected    # F2    # F3    # F4    # F5    # F6    # F7    # F8
  1       5( 83.3)        1( 16.7)       0       0       1       0       0       0       0
  2      10(100.0)        0(  0.0)       0       0       0       0       0       0       0
  3       6(100.0)        0(  0.0)       0       0       0       0       0       0       0
  4      10(100.0)        0(  0.0)       0       0       0       0       0       0       0
  5       4( 66.7)        2( 33.3)       0       2       2       0       0       0       0
  6       8( 80.0)        2( 20.0)       0       2       2       0       0       0       0
  7       6(100.0)        0(  0.0)       0       0       0       0       0       0       0
  8      10(100.0)        0(  0.0)       0       0       0       0       0       0       0
  9       6(100.0)        0(  0.0)       0       0       0       0       0       0       0
 10      10(100.0)        0(  0.0)       0       0       0       0       0       0       0
 11       6(100.0)        0(  0.0)       0       0       0       0       0       0       0
 12       9( 90.0)        1( 10.0)       0       1       1       0       0       0       0
 13       5( 71.4)        2( 28.6)       0       1       2       0       0       0       0
 14       7( 77.8)        2( 22.2)       0       0       2       0       0       0       0
 15       5( 71.4)        2( 28.6)       0       2       2       0       0       0       0
 16       9(100.0)        0(  0.0)       0       0       0       0       0       0       0
 17       5( 71.4)        2( 28.6)       0       2       2       0       0       0       0
 18       9(100.0)        0(  0.0)       0       0       0       0       0       0       0
 19       7(100.0)        0(  0.0)       0       0       0       0       0       0       0
 20       9(100.0)        0(  0.0)       0       0       0       0       0       0       0
 21       7(100.0)        0(  0.0)       0       0       0       0       0       0       0
 22       9(100.0)        0(  0.0)       0       0       0       0       0       0       0
 23       7(100.0)        0(  0.0)       0       0       0       0       0       0       0
 24       9(100.0)        0(  0.0)       0       0       0       0       0       0       0
____________________________________________________________________________________________________
Total   178( 92.7)       14(  7.3)       0      10      14       0       0       0       0

