Bin   #(%) accepted   #(%) rejected    # F2    # F3    # F4    # F5    # F6    # F7    # F8
  1       6(100.0)        0(  0.0)       0       0       0       0       0       0       0
  2      10(100.0)        0(  0.0)       0       0       0       0       0       0       0
  3       6(100.0)        0(  0.0)       0       0       0       0       0       0       0
  4      10(100.0)        0(  0.0)       0       0       0       0       0       0       0
  5       4( 66.7)        2( 33.3)       0       0       2       0       0       0       0
  6       9( 90.0)        1( 10.0)       0       0       1       0       0       0       0
  7       6(100.0)        0(  0.0)       0       0       0       0       0       0       0
  8      10(100.0)        0(  0.0)       0       0       0       0       0       0       0
  9       6(100.0)        0(  0.0)       0       0       0       0       0       0       0
 10      10(100.0)        0(  0.0)       0       0       0       0       0       0       0
 11       6(100.0)        0(  0.0)       0       0       0       0       0       0       0
 12       8( 80.0)        2( 20.0)       0       0       2       0       0       0       0
 13       8(100.0)        0(  0.0)       0       0       0       0       0       0       0
 14       6( 75.0)        2( 25.0)       0       1       2       0       0       0       0
 15       8(100.0)        0(  0.0)       0       0       0       0       0       0       0
 16       7( 87.5)        1( 12.5)       0       1       1       0       0       0       0
 17       7( 87.5)        1( 12.5)       0       0       1       0       0       0       0
 18       8(100.0)        0(  0.0)       0       0       0       0       0       0       0
 19       8(100.0)        0(  0.0)       0       0       0       0       0       0       0
 20       8(100.0)        0(  0.0)       0       0       0       0       0       0       0
 21       8(100.0)        0(  0.0)       0       0       0       0       0       0       0
 22       7( 87.5)        1( 12.5)       0       0       1       0       0       0       0
 23       7( 87.5)        1( 12.5)       0       0       1       0       0       0       0
 24       7( 87.5)        1( 12.5)       0       0       1       0       0       0       0
____________________________________________________________________________________________________
Total   180( 93.8)       12(  6.2)       0       2      12       0       0       0       0

