Bin   #(%) accepted   #(%) rejected    # F2    # F3    # F4    # F5    # F6    # F7    # F8
  1       1( 14.3)        6( 85.7)       0       6       6       0       0       0       0
  2       3( 33.3)        6( 66.7)       0       5       6       0       0       0       0
  3       6( 85.7)        1( 14.3)       0       0       1       0       0       0       0
  4       5( 55.6)        4( 44.4)       0       3       4       0       0       0       0
  5       4( 57.1)        3( 42.9)       0       2       3       0       0       0       0
  6       6( 66.7)        3( 33.3)       0       2       3       0       0       0       0
  7       7(100.0)        0(  0.0)       0       0       0       0       0       0       0
  8       8( 88.9)        1( 11.1)       0       1       1       0       0       0       0
  9       7(100.0)        0(  0.0)       0       0       0       0       0       0       0
 10       9(100.0)        0(  0.0)       0       0       0       0       0       0       0
 11       1( 14.3)        6( 85.7)       0       6       6       0       0       0       0
 12       7( 77.8)        2( 22.2)       0       2       2       0       0       0       0
 13       3( 75.0)        1( 25.0)       0       1       1       0       0       0       0
 14       6( 50.0)        6( 50.0)       0       6       6       0       0       0       0
 15       1( 25.0)        3( 75.0)       0       3       3       0       0       0       0
 16       8( 66.7)        4( 33.3)       0       3       4       0       0       0       0
 17       2( 50.0)        2( 50.0)       0       2       2       0       0       0       0
 18       6( 50.0)        6( 50.0)       0       5       6       0       0       0       0
 19       4(100.0)        0(  0.0)       0       0       0       0       0       0       0
 20      10( 83.3)        2( 16.7)       0       1       2       0       0       0       0
 21       4(100.0)        0(  0.0)       0       0       0       0       0       0       0
 22       8( 66.7)        4( 33.3)       0       4       4       0       0       0       0
 23       3( 75.0)        1( 25.0)       0       1       1       0       0       0       0
 24       6( 50.0)        6( 50.0)       0       6       6       0       0       0       0
____________________________________________________________________________________________________
Total   125( 65.1)       67( 34.9)       0      59      67       0       0       0       0

